LEFT,CENTER,RIGHT
311,368,331
300,351,336
290,369,331
302,388,327
314,370,330
302,353,333
291,371,348
301,390,363
312,371,347
301,353,332
290,371,347
300,389,363
311,370,347
300,351,331
289,370,347
300,389,363
311,370,346
299,352,330
288,370,346
299,389,363
311,371,346
300,353,330
289,372,347
299,391,364
310,372,346
300,353,329
290,374,329
301,395,330
313,375,330
303,356,330
294,377,332
304,399,335
314,380,335
306,362,335
299,382,338
310,403,342
322,386,341
313,369,340
305,1004,345
316,1639,350
328,1007,348
320,375,347
313,985,352
325,1596,358
337,1596,358
337,988,357
329,381,356
321,971,360
335,1562,365
350,974,365
340,386,366
330,954,369
342,1522,373
355,954,372
343,387,372
331,950,374
348,1513,377
365,951,375
349,389,373
333,949,376
346,1509,379
359,949,376
346,390,374
334,960,376
347,1531,378
361,960,375
348,389,373
335,956,393
347,1524,414
360,957,393
347,390,372
335,953,393
375,1517,415
387,1517,415
359,953,393
346,957,375
356,1524,379
369,1524,379
360,958,375
346,392,371
333,977,374
346,1562,377
359,977,374
345,393,371
332,976,374
348,1560,378
365,976,374
348,393,371
332,968,374
348,1543,378
364,968,374
348,394,371
333,970,392
373,1547,413
389,971,392
369,395,372
352,395,372
333,975,375
350,1556,379
368,976,376
352,396,373
337,972,394
352,1548,415
368,972,394
354,396,374
340,967,395
378,1539,416
392,968,395
371,398,374
357,969,394
377,1540,415
391,1540,415
368,970,394
354,400,374
341,966,396
354,1532,418
368,966,396
355,401,375
343,966,396
380,1532,417
392,966,396
371,401,375
359,962,395
379,1524,416
391,1524,416
367,962,395
355,400,375
343,960,395
355,1520,416
367,960,395
355,401,375
344,964,396
380,1527,417
391,964,395
369,401,374
360,969,396
382,1538,418
391,970,396
369,402,375
361,977,396
382,1553,417
390,1553,417
363,977,396
355,401,375
348,974,396
382,1548,417
389,974,396
369,401,376
363,977,396
383,1554,417
388,1554,417
360,978,397
355,402,377
351,984,397
384,1567,418
389,983,399
371,400,381
367,980,399
386,1560,418
388,1560,418
358,979,400
357,399,382
357,981,400
387,1564,418
387,982,400
370,400,383
372,983,400
389,1566,417
385,1566,417
353,983,400
358,401,383
364,988,400
390,1576,417
384,988,400
368,401,384
377,986,400
393,1571,416
384,986,400
368,401,384
381,401,384
378,980,400
397,1560,416
383,981,400
368,402,385
384,983,401
400,1564,417
385,985,401
369,406,385
386,985,400
402,1565,416
416,1565,416
386,987,399
369,409,383
388,978,400
406,1548,418
388,983,401
371,418,385
392,977,401
409,1536,418
418,1536,418
389,977,402
374,419,387
395,980,403
411,1541,419
390,982,403
374,424,388
397,987,403
412,1550,418
389,987,407
379,425,397
403,988,408
414,1551,419
419,1551,419
388,988,408
377,426,397
407,984,408
418,1542,419
388,985,409
378,428,399
421,993,409
431,1558,419
419,1558,419
387,991,410
379,425,402
424,1002,411
433,1579,420
387,1003,410
377,428,401
426,1008,410
435,1589,420
420,1589,420
388,1006,412
380,424,404
428,1006,412
436,1589,420
388,1006,413
381,424,406
431,440,412
437,456,419
419,456,419
387,439,414
383,423,410
433,440,414
438,457,419
388,440,415
385,423,412
435,440,415
438,458,418
418,458,418
387,442,415
385,427,413
435,442,415
438,458,418
418,458,418
388,441,417
387,425,417
438,442,418
439,459,419
388,441,418
388,423,418
437,440,418
437,457,418
418,457,418
389,439,418
389,422,419
437,438,419
437,455,419
390,438,418
390,421,418
418,421,418
435,437,418
435,453,418
390,436,418
390,419,418
434,434,418
434,450,419
419,450,419
392,434,418
391,418,418
433,433,419
434,449,420
394,433,418
392,417,417
432,432,419
434,447,422
422,447,422
396,428,420
395,410,419
432,428,423
436,446,427
401,427,423
398,409,420
420,409,420
960,954,1044
1584,1500,1668
1024,956,1045
402,413,423
966,961,1013
1556,1509,1603
994,961,1013
404,414,423
423,414,423
975,970,991
1543,1527,1560
974,971,992
407,415,425
986,981,982
1544,1548,1540
1540,1548,1540
965,982,984
409,416,428
1003,997,979
1554,1578,1531
1531,1578,1531
961,997,979
409,416,427
1022,1017,987
1583,1618,1548
969,1017,987
408,416,427
427,416,427
427,416,991
991,416,1555
1555,415,990
990,415,426
426,415,987
987,415,1549
1549,415,1549
1549,415,987
987,416,426
418,413,987
980,411,1549
1549,411,1549
968,413,986
405,415,423
414,410,992
983,405,1562
1562,405,1562
973,409,990
401,414,418
409,407,994
985,400,1571
977,406,993
400,413,416
416,413,416
407,406,993
985,399,1571
979,406,986
394,413,402
399,405,989
986,397,1576
1576,397,1576
980,404,987
392,412,399
393,399,988
982,387,1577
1577,399,988
972,412,400
368,412,400
362,384,971
950,357,1543
936,385,976
369,413,410
410,411,433
347,410,457
285,410,457
275,413,438
342,417,419
240,239,441
263,62,464
464,62,464
266,241,444
246,420,424
256,232,446
278,44,468
468,50,290
307,56,113
146,56,113
321,276,93
285,496,74
74,425,85
291,354,97
509,354,97
538,445,317
552,537,537
537,489,503
519,442,470
501,442,470
528,478,532
575,515,594
594,481,544
557,447,495
520,487,537
535,527,579
551,527,579
550,490,536
521,454,493
493,491,537
521,529,582
550,529,582
544,490,538
516,452,494
523,489,539
568,527,584
584,492,538
564,457,493
545,457,493
550,493,540
571,530,587
567,493,540
520,456,494
494,492,542
524,529,590
554,529,590
552,493,542
522,457,494
523,504,542
571,552,591
591,503,543
574,455,495
557,455,495
555,494,545
574,533,596
596,496,546
578,459,496
561,497,548
557,535,600
553,535,600
560,498,548
532,461,497
524,498,550
577,535,603
603,497,550
586,459,498
569,459,498
557,495,362
386,531,227
227,494,163
398,458,99
569,493,92
555,529,86
541,529,86
552,458,86
325,387,86
86,228,77
289,69,69
492,63,82
306,58,96
120,58,96
103,48,293
288,39,490
490,231,476
290,423,463
90,471,499
73,520,535
56,520,535
90,486,504
298,452,473
473,491,482
372,530,492
271,530,492
383,489,484
486,449,477
477,491,485
433,534,493
389,492,483
194,451,473
0,491,480
177,531,487
354,531,487
354,488,473
177,446,460
0,484,468
172,522,477
344,481,463
172,440,450
0,440,450
168,476,459
403,512,469
469,473,454
234,435,440
0,454,450
171,473,461
342,453,445
171,433,430
0,433,430
174,451,440
400,470,451
451,450,435
225,430,419
0,447,976
174,464,1534
349,444,970
388,425,406
428,442,990
394,459,1
