LEFT,CENTER,RIGHT
205,536,501
302,532,501
399,532,500
397,538,499
395,538,498
394,538,498
393,537,497
389,531,497
385,530,497
383,529,497
382,529,497
380,532,497
379,532,496
379,535,496
379,535,496
284,535,497
189,535,497
189,535,497
189,535,496
287,532,496
385,532,495
385,530,495
385,528,494
381,528,493
377,524,491
376,522,490
376,515,488
372,511,487
369,513,485
363,508,483
357,513,481
351,512,479
345,508,477
338,509,474
332,507,472
322,507,470
312,509,467
300,512,464
289,407,462
241,296,460
193,190,457
154,81,454
115,96,362
102,111,270
89,157,187
127,267,225
119,386,306
111,496,371
127,526,436
144,515,439
175,515,443
207,511,447
224,512,450
241,524,455
246,522,461
251,533,464
259,530,468
267,530,468
271,528,468
276,529,467
275,528,466
273,529,466
273,529,466
273,528,465
271,530,464
269,529,463
265,532,463
261,533,463
253,537,462
245,420,460
210,305,457
176,193,455
147,84,453
118,131,364
239,256,276
359,381,188
597,580,585
597,581,585
597,581,584
598,582,584
598,583,584
598,584,583
598,583,582
598,584,582
448,582,582
298,583,581
298,584,580
298,585,579
298,587,579
298,588,579
299,589,579
299,589,575
449,579,571
599,463,456
598,339,341
598,218,229
568,103,117
539,92,129
418,159,141
298,269,
