LEFT,CENTER,RIGHT
526,685,650
526,686,650
525,686,651
524,685,649
519,685,648
514,683,647
486,682,645
459,679,641
399,508,637
340,507,550
316,420,463
293,422,327
391,593,192
489,596,865
575,514,1538
662,518,1691
665,347,1845
669,352,1274
728,707,705
728,708,704
728,709,704
727,708,705
727,706,705
726,705,706
726,705,704
726,708,703
727,708,702
727,712,701
727,710,700
546,711,700
365,710,700
365,710,700
366,710,702
551,711,705
737,710,705
738,712,705
739,709,536
553,709,367
368,708,191
368,706,15
368,537,7
368,362,0
368,191,7
367,21,14
366,21,18
375,24,23
385,25,22
204,25,22
23,25,21
20,23,21
18,23,21
21,21,20
25,20,29
24,20,37
24,22,201
24,193,365
24,369,520
23,526,675
23,688,671
184,678,666
345,665,663
517,664,659
690,657,663
724,626,667
759,614,667
760,592,667
760,582,665
760,598,664
760,592,663
760,596,662
760,590,658
753,587,654
745,584,647
744,588,641
743,604,640
741,608,639
739,625,640
738,627,642
737,626,642
734,626,643
731,610,643
730,619,644
730,608,646
721,617,648
712,623,649
712,624,650
712,632,650
713,635,651
714,642,651
713,636,652
713,642,653
533,647,655
353,657,655
353,670,656
354,677,657
354,678,658
354,680,660
355,680,662
356,681,664
537,682,666
719,683,667
720,687,668
721,688,670
539,691,672
358,691,674
358,692,677
358,693,678
545,695,679
732,697,681
734,697,683
737,698,685
734,699,686
732,700,687
732,700,689
732,700,689
734,699,690
736,699,691
736,699,693
736,699,694
736,698,695
736,697,697
736,697,699
737,696,699
735,698,698
734,696,699
733,698,701
733,697,535
733,699,369
733,540,198
735,374,27
738,209,27
736,43,28
734,39,31
564,41,35
394,42,34
220,42,34
738,708,706
739,708,708
740,708,708
740,709,709
740,702,710
740,704,712
741,702,712
743,706,713
745,706,712
747,707,711
749,709,710
750,709,710
751,710,710
750,713,710
749,714,710
749,716,710
749,720,709
749,720,708
749,721,706
749,719,705
749,717,581
750,716,457
752,714,285
752,547,113
752,377,68
750,207,22
748,41,25
561,38,29
375,41,29
194,41,29
13,41,30
24,41,30
36,40,30
39,40,30
42,39,175
42,40,320
42,43,484
39,200,649
37,367,674
35,522,699
32,681,699
35,680,699
38,670,698
49,672,697
60,664,694
217,667,692
375,658,689
355,653,685
335,647,684
167,641,683
0,641,683
2,637,683
4,638,683
4,637,683
4,639,683
2,628,683
0,634,682
0,624,682
0,630,678
0,637,674
0,640,674
0,649,673
0,652,674
0,666,675
0,668,675
0,681,676
0,684,675
0,688,674
0,689,675
0,690,676
0,691,677
0,692,679
0,695,681
179,697,682
358,700,683
536,701,684
714,701,685
718,701,687
723,702,688
724,704,689
726,708,690
727,712,692
729,714,694
730,716,697
731,714,698
733,716,700
736,714,701
554,717,702
373,717,702
375,718,703
378,718,704
560,717,705
743,715,705
743,715,706
743,714,708
745,716,709
747,716,709
750,713,708
754,714,708
754,711,707
754,715,708
757,715,709
759,717,709
760,717,709
762,718,543
761,717,378
760,556,205
759,388,32
759,217,29
760,50,27
760,43,30
588,42,34
417,43,34
229,41,34
367,719,697
371,721,700
371,721,703
371,722,704
374,721,705
377,718,706
555,716,708
733,713,710
732,714,712
732,712,713
734,714,714
736,716,714
739,719,714
742,720,714
743,722,715
745,722,715
745,721,716
746,724,717
746,722,718
747,725,717
746,720,716
745,720,716
747,716,717
749,713,718
747,711,719
745,711,719
744,709,719
743,710,719
742,710,719
742,710,719
744,713,719
746,713,719
745,716,718
745,719,718
746,719,718
747,720,718
559,719,718
371,718,545
369,719,373
367,546,198
553,378,24
736,711,701
734,711,703
733,713,704
735,718,704
738,720,705
736,723,706
734,720,706
737,720,707
740,721,707
741,721,708
742,724,710
741,724,713
740,727,715
738,725,717
737,725,717
737,723,717
736,724,717
737,723,717
737,729,716
737,726,716
738,728,716
738,724,717
739,723,717
738,721,718
738,720,717
739,720,716
740,721,715
741,722,715
741,721,714
742,720,713
743,713,711
741,714,710
739,710,534
739,712,359
739,546,190
738,376,21
737,207,23
740,39,26
743,39,27
564,39,28
385,40,29
208,39,31
750,704,709
752,705,710
751,706,712
751,707,712
750,709,713
748,709,713
750,713,713
753,713,714
750,717,716
748,719,716
747,719,716
747,722,715
746,722,715
745,723,713
744,721,711
744,720,711
561,717,712
377,718,712
376,714,712
375,717,711
375,713,710
375,714,710
371,711,710
367,712,711
367,711,711
367,711,710
366,713,708
366,712,545
366,716,383
366,714,206
366,550,29
366,372,14
755,724,707
755,721,707
754,720,708
753,720,707
752,716,707
751,716,708
753,711,709
755,712,709
753,707,710
752,708,711
753,706,711
754,706,711
754,708,711
755,707,711
755,709,711
754,708,711
752,711,711
750,712,711
750,714,711
751,712,710
748,713,710
745,710,710
743,713,711
741,714,711
741,715,711
742,718,710
741,718,710
741,717,709
740,716,709
738,715,540
737,717,372
736,717,195
735,546,19
733,371,15
731,197,12
730,27,17
547,26,23
365,31,24
183,30,25
728,716,703
726,716,704
728,714,705
729,714,704
730,712,704
731,713,704
731,712,704
730,712,705
732,712,706
735,713,706
550,710,706
366,712,704
369,711,703
372,712,702
558,712,702
745,711,702
744,709,703
743,707,703
744,708,703
745,707,701
746,711,700
748,713,538
745,718,377
742,719,203
743,723,30
744,550,15
560,373,0
376,193,5
374,18,11
741,720,698
740,718,699
739,716,699
741,716,699
743,717,700
743,716,702
743,718,704
744,717,707
745,718,708
745,716,710
745,716,710
744,715,710
743,715,710
560,714,710
377,716,710
188,713,711
0,712,710
181,709,709
363,705,709
363,705,709
363,701,563
363,705,418
363,703,246
553,573,75
744,408,45
726,713,701
726,715,701
727,715,701
729,715,703
728,716,704
728,712,705
732,711,707
736,706,707
739,707,708
741,707,707
742,709,706
742,710,705
741,713,705
740,713,703
740,714,701
741,717,701
742,715,700
743,717,701
744,716,702
746,716,702
745,714,703
745,714,703
747,713,704
750,713,533
565,712,363
381,712,193
383,584,23
385,414,21
385,245,20
385,74,23
384,35,27
384,37,30
395,40,33
407,43,33
222,44,34
37,43,35
36,43,36
36,43,36
39,43,36
42,42,41
43,43,45
44,42,208
44,60,370
44,228,530
44,390,690
44,555,688
47,687,686
51,668,678
214,636,670
377,581,656
526,521,643
674,466,628
677,421,613
679,397,608
