LEFT,CENTER,RIGHT
423,563,519
421,565,518
419,564,517
416,565,517
413,564,516
407,564,515
400,562,514
398,562,513
397,558,511
393,555,510
389,549,508
384,550,506
380,541,503
375,539,500
371,542,496
365,527,493
359,525,489
352,510,485
346,494,481
338,481,477
330,468,473
322,459,468
313,448,463
303,441,458
294,439,453
285,434,448
616,604,615
616,604,614
615,607,614
615,608,614
615,612,615
616,613,615
616,611,616
616,610,616
616,608,616
616,608,616
616,609,616
617,610,616
616,611,616
616,613,616
616,614,616
616,614,616
615,615,616
615,613,613
614,599,610
614,577,504
614,498,397
615,381,287
615,273,178
615,174,170
614,131,162
614,125,120
461,120,79
308,123,103
200,157,127
92,227,203
134,288,279
176,351,290
174,378,301
172,379,312
179,383,323
186,383,345
198,385,368
211,384,384
219,390,401
228,392,404
235,398,408
243,408,410
251,416,412
260,427,414
268,436,416
277,443,418
281,454,421
285,459,424
289,469,427
292,474,430
295,483,433
297,492,435
300,499,437
304,505,438
305,509,440
307,513,442
309,514,443
311,516,444
311,515,446
311,514,450
312,515,454
312,515,457
313,515,460
314,514,462
314,514,465
315,513,467
316,512,469
317,515,470
317,516,471
317,517,470
313,520,470
308,523,467
299,527,465
291,501,462
