LEFT,CENTER,RIGHT
384,538,503
382,537,502
380,536,501
378,534,500
377,534,500
376,534,499
374,534,499
373,534,498
372,534,498
372,534,498
374,535,498
376,536,498
378,537,498
380,538,499
381,539,499
383,540,499
387,539,500
391,540,500
393,543,500
395,544,499
398,546,499
401,547,500
404,544,500
407,543,502
408,544,503
410,543,504
416,544,504
422,544,504
424,545,505
426,544,505
429,541,506
432,541,507
434,538,508
436,538,509
437,540,509
438,540,509
438,540,508
439,540,508
439,541,508
439,540,509
439,541,509
438,540,510
439,541,510
439,541,510
439,541,511
438,541,510
438,542,510
437,544,509
438,542,509
439,543,508
327,542,508
215,542,509
215,541,510
215,541,510
215,541,509
215,540,509
215,541,509
215,541,508
326,541,508
438,541,508
438,541,508
438,540,508
327,541,507
215,541,507
216,542,507
217,542,507
217,542,507
217,541,506
217,541,506
217,540,507
217,541,508
217,541,508
216,542,509
215,542,509
215,541,509
215,541,508
216,540,507
218,541,507
218,540,508
218,541,508
218,540,508
218,540,508
218,538,508
218,537,508
218,541,508
218,541,508
218,544,509
218,544,508
217,544,508
217,542,508
217,543,507
217,543,508
217,543,508
217,543,507
217,544,507
217,545,506
215,541,506
212,539,505
212,533,504
212,528,501
