LEFT,CENTER,RIGHT
203,534,495
201,538,495
199,538,495
199,538,495
199,537,495
194,537,495
190,538,495
286,539,495
382,540,495
380,540,496
379,543,496
378,540,497
377,543,498
376,541,498
376,544,500
375,547,502
374,551,504
375,554,506
375,558,508
374,560,510
373,564,513
366,569,516
359,573,516
362,576,517
364,581,515
369,583,514
373,588,519
379,590,525
386,593,533
393,596,541
400,598,552
410,602,564
420,604,574
428,607,583
437,609,566
446,609,548
456,609,555
359,608,561
262,608,568
139,607,576
17,607,563
8,606,551
0,605,556
153,607,562
306,605,565
458,609,568
610,608,569
603,602,571
597,478,466
597,360,362
598,243,252
605,124,142
612,119,131
490,105,120
369,87,132
244,100,144
120,200,224
115,296,305
110,397,367
126,475,430
142,469,437
168,468,444
194,466,453
213,463,463
232,463,467
241,462,471
250,462,470
254,462,470
258,462,470
263,463,471
267,464,472
267,464,473
268,469,473
267,472,474
267,477,474
266,482,475
265,482,475
265,488,475
264,489,475
265,493,475
266,495,476
267,498,476
268,502,478
270,509,479
272,513,480
273,520,481
274,528,482
275,535,484
275,539,485
272,546,486
270,551,489
264,559,493
259,574,494
350,579,496
441,591,504
532,595,512
623,603,520
624,609,529
625,614,516
628,618,503
